[[ 41.626943  42.277176  41.900564  43.424781  41.666737  42.429058
   41.677316  43.513749  43.539898  43.895911  44.764918  44.034679
   44.189861  44.979708  45.874091  44.748884  44.981063  44.780744
   44.755763  45.274239  45.153042  46.590195  44.631007  46.020399
   47.122794  46.618517  46.737087  47.470226  47.29858   48.164814
   48.585657  48.442783  48.209578  49.162039  48.670047  47.74034
   50.335249  48.176129  49.569054  50.401582  48.194179  50.531273
   50.229505  49.554009  51.413461  51.356452  50.876515  50.795191
   51.169926  51.342295  52.824586  51.206381  52.160887  53.074163
   52.310776  52.382321  52.929799  51.450709  51.97658   53.436813
   54.103438  54.071648  53.641542  55.402284  54.366768  55.184961
   54.284977  53.709513  54.131775  56.0536    54.288046  56.157709
   56.107196  56.602394  56.739475  57.853094  56.986081  57.373394
   57.913221  57.051752  57.031263  59.481456  57.607895  57.481666
   58.724052  57.991834  57.655873  59.386731  60.204553  60.115912
   61.128868  59.798449  60.464059  59.634426  61.52104   59.903732
   61.641162  62.213287  60.933947  61.525367  61.528663  60.694952
   62.953536  61.556237  62.993758  61.657014  63.179665  63.574821
   64.131627  63.960424  63.814315  62.887497  64.092603  63.968064
   63.57615   64.04915   65.121205  63.653904  64.229393  65.66507
   66.140854  65.400714  65.093335  66.590179  67.338874  66.162926
   65.938456  67.764854  67.281209  68.748278  68.706316  67.629904
   67.573609  67.77089   67.665289  69.015078  68.613083  69.833463
   68.066309  69.493422  70.173243  71.143599  70.221604  69.032313
   70.667125  72.008601  71.729645  70.189163  71.406875  72.417999
   72.753382  72.499188  73.110062  73.034021  72.180893  72.17244
   74.196902  73.295689  72.968807  72.694356  74.208361  73.70454
   73.288364  75.325468  75.133274  75.793011  74.768977  74.178406
   74.743987  75.977518  75.560153  75.319547  74.662957  75.316632
   76.420899  76.089067  76.309044  77.11334   76.079789  78.154151
   76.138028  77.692291  76.426929  77.855704  77.632192  77.076125
   78.484069  78.529596  78.196166  79.949364  79.967504  79.877432
   78.897876  80.715637  79.493789  78.55001   81.644254  80.389254
   81.109849  79.485735]
 [ 41.027974  42.320472  42.333588  42.974495  42.519627  42.118037
   41.570584  43.601584  43.023612  43.667317  43.820011  44.068361
   43.696631  44.334421  45.537326  45.585949  44.676312  44.668491
   44.89449   45.918445  45.801765  46.513946  44.816574  44.798613
   46.966072  46.509694  46.440039  46.420342  47.466289  48.724626
   47.378066  47.601471  48.489319  48.085904  49.138859  47.513282
   49.600112  48.398973  49.034857  50.368882  49.652074  50.805892
   49.347298  49.970731  50.779285  51.24186   49.969471  51.018543
   50.78176   51.353838  52.134534  51.70726   52.369784  53.125591
   52.216207  51.509009  52.822261  51.735214  52.164322  54.088611
   53.879825  54.209104  52.639439  55.139657  53.854308  54.488242
   54.115716  54.133958  54.104211  55.433095  55.42213   56.390596
   55.920013  56.845292  56.870778  56.998192  56.586644  57.231279
   57.800385  56.921717  58.006815  58.717582  57.799105  58.183572
   57.98892   58.197568  58.172146  59.652634  60.325072  60.332146
   60.406882  59.355995  59.533396  59.253627  60.525022  60.548788
   61.604855  61.864395  60.755715  60.560388  61.944158  61.426932
   62.867017  61.527219  62.779467  62.056676  63.267053  63.794417
   62.948571  63.239002  63.716439  63.199778  62.945739  64.04276
   63.681732  64.263996  64.79554   63.959951  64.248636  64.966913
   65.531461  65.427805  64.872654  66.536295  66.850942  65.686542
   66.394883  66.941843  67.37696   68.009267  68.31843   66.766137
   67.119036  67.5623    67.655394  68.980358  69.113875  69.856335
   68.193379  69.397923  69.550724  70.132773  70.015418  68.754142
   69.587957  71.259797  70.711859  69.436018  70.890847  71.951238
   72.048399  72.943634  72.108561  73.193721  72.318279  71.95449
   72.966925  72.753209  73.253056  73.401494  73.722648  73.331755
   73.276754  74.597729  74.178507  74.583898  74.183388  74.204434
   75.247334  76.186661  74.968692  75.381495  74.030416  74.802023
   75.375646  74.914482  75.199508  76.100821  75.649552  77.480726
   76.287148  77.258586  76.038686  77.085209  76.60097   77.184458
   77.883609  78.877767  77.898773  79.329542  79.058109  79.115498
   78.010891  79.808471  78.968119  78.587318  80.007429  79.304619
   80.105247  79.085331]
 [  0.         0.         0.         0.         0.         0.         0.
    0.         0.         0.         0.         0.         0.         0.
    0.         0.         0.         0.         0.         0.         0.
    0.         0.         0.         0.         0.         0.         0.
    0.         0.         0.         0.         0.         0.         0.
    0.         0.         0.         0.         0.         0.         0.
    0.         0.         0.         0.         0.         0.         0.
    0.         0.         0.         0.         0.         0.         0.
    0.         0.         0.         0.         0.         0.         0.
    0.         0.         0.         0.         0.         0.         0.
    0.         0.         0.         0.         0.         0.         0.
    0.         0.         0.         0.         0.         0.         0.
    0.         0.         0.         0.         0.         0.         0.
    0.         0.         0.         0.         0.         0.         0.
    0.         0.         0.         0.         0.         0.         0.
    0.         0.         0.         0.         0.         0.         0.
    0.         0.         0.         0.         0.         0.         0.
    0.         0.         0.         0.         0.         0.         0.
    0.         0.         0.         0.         0.         0.         0.
    0.         0.         0.         0.         0.         0.         0.
    0.         0.         0.         0.         0.         0.         0.
    0.         0.         0.         0.         0.         0.         0.
    0.         0.         0.         0.         0.         0.         0.
    0.         0.         0.         0.         0.         0.         0.
    0.         0.         0.         0.         0.         0.         0.
    0.         0.         0.         0.         0.         0.         0.
    0.         0.         0.         0.         0.         0.         0.
    0.         0.         0.         0.         0.         0.         0.
    0.         0.         0.         0.      ]
 [  0.         0.         0.         0.         0.         0.         0.
    0.         0.         0.         0.         0.         0.         0.
    0.         0.         0.         0.         0.         0.         0.
    0.         0.         0.         0.         0.         0.         0.
    0.         0.         0.         0.         0.         0.         0.
    0.         0.         0.         0.         0.         0.         0.
    0.         0.         0.         0.         0.         0.         0.
    0.         0.         0.         0.         0.         0.         0.
    0.         0.         0.         0.         0.         0.         0.
    0.         0.         0.         0.         0.         0.         0.
    0.         0.         0.         0.         0.         0.         0.
    0.         0.         0.         0.         0.         0.         0.
    0.         0.         0.         0.         0.         0.         0.
    0.         0.         0.         0.         0.         0.         0.
    0.         0.         0.         0.         0.         0.         0.
    0.         0.         0.         0.         0.         0.         0.
    0.         0.         0.         0.         0.         0.         0.
    0.         0.         0.         0.         0.         0.         0.
    0.         0.         0.         0.         0.         0.         0.
    0.         0.         0.         0.         0.         0.         0.
    0.         0.         0.         0.         0.         0.         0.
    0.         0.         0.         0.         0.         0.         0.
    0.         0.         0.         0.         0.         0.         0.
    0.         0.         0.         0.         0.         0.         0.
    0.         0.         0.         0.         0.         0.         0.
    0.         0.         0.         0.         0.         0.         0.
    0.         0.         0.         0.         0.         0.         0.
    0.         0.         0.         0.         0.         0.         0.
    0.         0.         0.         0.      ]]