[[ 41.348314  42.235511  41.59261   43.054604  41.919851  42.66727
   41.723526  43.013753  43.232001  43.260375  44.582846  44.08627
   44.22901   43.846154  46.653228  45.887139  44.655816  45.851787
   45.072825  46.009958  45.016179  47.204109  45.197425  44.84779
   47.400029  46.324322  46.417674  46.293826  48.248497  47.965245
   47.599727  47.322834  48.348317  47.741946  48.715521  48.241021
   49.323233  49.273563  48.592708  50.387101  49.567642  50.385078
   49.683095  49.771816  52.029348  51.501982  51.416805  50.412662
   50.297742  51.55554   51.567213  51.335132  53.13996   52.298273
   51.548511  51.729146  52.553945  52.017007  52.403516  53.739352
   53.253449  54.190132  53.335503  55.367501  54.334849  54.742931
   54.206141  54.614541  54.217619  55.448695  54.251533  56.813861
   56.574554  57.280823  57.098928  56.496043  56.635695  57.349006
   57.311565  56.385456  57.483727  59.197457  58.191788  58.384747
   58.15069   57.776168  58.367221  60.202941  60.1169    60.397382
   60.135008  60.568093  59.147274  59.260725  61.176055  61.350536
   62.280891  62.363169  60.613615  60.286001  61.906807  60.840946
   63.232101  61.807839  62.48039   60.634366  62.220209  63.546175
   62.988174  62.788422  63.563242  62.76205   62.635644  63.815432
   63.082263  61.881917  63.76473   63.737815  63.106727  64.09877
   64.812845  64.459665  63.843686  65.76875   66.01335   64.898668
   64.849688  67.2056    66.821455  67.134816  66.407731  65.919224
   66.129899  65.28074   66.528085  67.904082  66.304922  69.0494
   67.442611  65.804367  67.387596  68.142655  68.184273  67.922054
   65.951034  68.101069  67.566093  66.857806  67.164406  69.184837
   68.196674  68.275116  68.026368  67.992057  69.232636  69.599066
   69.612395  69.632827  66.923539  68.363519  67.91099   69.666083
   70.16999   70.304133  70.50418   70.707761  70.874167  70.629197
   68.98117   71.137283  70.414388  68.192446  65.770339  49.847408
   30.313448  67.63696   27.298017  29.304843  28.345417  31.530047
   23.55057   29.007924  21.386138  24.990449  21.416055  19.290868
   22.25158   24.36608   20.321922  18.649775  19.192051  21.609972
   16.026439  14.232543  16.505097  14.887906  15.066374  13.568797
   13.395087  14.118118]
 [ 41.163176  42.555691  42.101498  43.082719  41.972803  42.219555
   41.618013  43.146418  42.747256  43.754594  43.903604  44.050058
   43.836957  44.053235  45.079604  45.519339  44.858324  44.979532
   45.446753  45.578617  45.647685  46.614907  45.458282  44.944816
   47.069374  46.467092  46.51488   46.118764  47.197008  48.441582
   47.885334  47.488166  47.841442  47.832718  48.897904  47.958554
   49.582262  48.332686  48.700858  50.309899  49.372305  50.909083
   49.75913   49.529366  50.810447  51.07109   50.437986  51.151833
   50.46144   51.513987  51.792541  51.218796  52.773966  52.549076
   51.865402  51.896059  52.717108  51.757661  52.227773  54.114247
   53.151642  54.656541  52.601916  55.03065   53.795939  54.209909
   53.949751  54.072262  54.050381  55.024142  54.922716  55.938107
   55.347487  56.241637  56.662406  56.831757  56.637441  56.643204
   57.502227  55.924625  57.033853  57.763562  57.053434  57.299631
   57.632726  57.612168  57.669634  58.620076  59.792869  59.887065
   59.480985  59.157508  58.982714  58.595777  59.939019  60.048033
   60.93629   61.434059  60.157892  60.489434  60.805619  59.757864
   62.03847   60.73484   61.299704  59.96155   61.100766  62.104614
   61.255452  61.159378  61.365733  61.864802  60.703689  62.061666
   61.715106  61.686618  62.730986  62.657818  62.668479  63.004381
   63.489507  63.827943  63.224221  64.154817  64.641259  62.816871
   64.613127  64.814578  65.105603  65.270138  65.191995  65.102571
   64.862791  64.112189  65.369089  65.628755  64.868214  64.337574
   63.81889   64.53174   64.877156  64.528748  64.892212  65.209418
   64.087955  65.325323  65.832155  64.474412  65.347279  66.537881
   66.373206  66.459382  66.137865  66.503574  67.244033  66.740441
   67.54115   66.905612  67.116194  67.087965  67.730344  66.163949
   68.15212   68.613306  66.136268  68.468475  65.57803   58.199558
   60.276901  48.553528  37.425801  43.868287  34.361136  41.858777
   62.375769  43.317824  27.916804  28.958622  27.464392  24.312795
   27.152624  24.856607  24.834239  21.31549   21.903783  20.191147
   19.408261  19.716053  18.803979  18.064854  18.376435  16.088213
   16.025856  17.020952  15.814466  14.947189  14.374944  14.489033
   13.2786    13.149464]
 [  0.         0.         0.         0.         0.         0.         0.
    0.         0.         0.         0.         0.         0.         0.
    0.         0.         0.         0.         0.         0.         0.
    0.         0.         0.         0.         0.         0.         0.
    0.         0.         0.         0.         0.         0.         0.
    0.         0.         0.         0.         0.         0.         0.
    0.         0.         0.         0.         0.         0.         0.
    0.         0.         0.         0.         0.         0.         0.
    0.         0.         0.         0.         0.         0.         0.
    0.         0.         0.         0.         0.         0.         0.
    0.         0.         0.         0.         0.         0.         0.
    0.         0.         0.         0.         0.         0.         0.
    0.         0.         0.         0.         0.         0.         0.
    0.         0.         0.         0.         0.         0.         0.
    0.         0.         0.         0.         0.         0.         0.
    0.         0.         0.         0.         0.         0.         0.
    0.         0.         0.         0.         0.         0.         0.
    0.         0.         0.         0.         0.         0.         0.
    0.         0.         0.         0.         0.         0.         0.
    0.         0.         0.         0.         0.         0.         0.
    0.         0.         0.         0.         0.         0.         0.
    0.         0.         0.         0.         0.         0.         0.
    0.         0.         0.         0.         0.         0.         0.
    0.         0.         0.         0.         0.         0.         0.
    0.         0.         0.         0.         0.         0.         0.
    0.         0.         0.         0.         0.         0.         0.
    0.         0.         0.         0.         0.         0.         0.
    0.         0.         0.         0.         0.         0.         0.
    0.         0.         0.         0.      ]
 [  0.         0.         0.         0.         0.         0.         0.
    0.         0.         0.         0.         0.         0.         0.
    0.         0.         0.         0.         0.         0.         0.
    0.         0.         0.         0.         0.         0.         0.
    0.         0.         0.         0.         0.         0.         0.
    0.         0.         0.         0.         0.         0.         0.
    0.         0.         0.         0.         0.         0.         0.
    0.         0.         0.         0.         0.         0.         0.
    0.         0.         0.         0.         0.         0.         0.
    0.         0.         0.         0.         0.         0.         0.
    0.         0.         0.         0.         0.         0.         0.
    0.         0.         0.         0.         0.         0.         0.
    0.         0.         0.         0.         0.         0.         0.
    0.         0.         0.         0.         0.         0.         0.
    0.         0.         0.         0.         0.         0.         0.
    0.         0.         0.         0.         0.         0.         0.
    0.         0.         0.         0.         0.         0.         0.
    0.         0.         0.         0.         0.         0.         0.
    0.         0.         0.         0.         0.         0.         0.
    0.         0.         0.         0.         0.         0.         0.
    0.         0.         0.         0.         0.         0.         0.
    0.         0.         0.         0.         0.         0.         0.
    0.         0.         0.         0.         0.         0.         0.
    0.         0.         0.         0.         0.         0.         0.
    0.         0.         0.         0.         0.         0.         0.
    0.         0.         0.         0.         0.         0.         0.
    0.         0.         0.         0.         0.         0.         0.
    0.         0.         0.         0.         0.         0.         0.
    0.         0.         0.         0.      ]]