[[ 41.287968  41.937559  41.874142  41.970273  43.138524  42.319569
   43.186962  43.536447  43.466179  43.897133  43.921017  43.872782
   44.250409  44.521493  44.932659  44.446395  44.566079  45.158656
   45.102462  45.12181   45.846703  46.181953  46.471444  45.983937
   46.362384  46.930293  47.077419  47.238278  47.235789  47.347057
   47.513509  48.172978  48.56402   48.211157  48.301525  48.703463
   48.907008  48.861555  49.555423  49.389514  49.354062  50.344122
   50.045147  50.836948  50.654017  50.942074  50.626785  51.162529
   51.719596  51.619812  51.296824  52.547948  52.638242  52.220818
   52.17513   53.200396  52.881435  53.035374  53.299309  53.333747
   53.855271  54.066618  53.653827  53.850595  54.459373  54.271817
   55.246814  54.730699  55.109764  55.610217  55.610631  55.243163
   55.651845  56.49046   56.584239  56.516469  57.346168  57.35275
   56.613013  57.053664  57.119948  57.296926  57.619127  58.158014
   58.054525  58.853881  58.932321  59.139961  58.851837  60.028869
   59.244916  59.844364  60.444856  59.818752  60.874226  60.952844
   61.030541  60.882281  61.657309  61.625409  61.150664  61.455499
   61.64277   62.550289  62.430949  61.967891  62.217436  61.717804
   62.112699  62.929894  62.514611  62.43704   63.008699  63.590447
   62.778667  63.562234  63.533496  64.210874  64.116654  64.656227
   64.729377  65.435473  64.773498  65.008033  65.150018  65.239304
   65.616952  65.257477  65.931791  66.443206  66.422855  66.210118
   66.407007  67.034837  66.94327   67.012484  66.272189  65.990868
   66.935271  65.921809  65.627791  38.62088   31.242289  27.382865
   24.772223  22.808484  21.241174  19.941973  18.8362    17.876573
   17.031231  16.277711  15.599556  14.984358  14.422529  13.906506
   13.418309  12.94605   12.492459  12.058828  11.645496  11.252203
   10.878331  10.523049  10.185422   9.864475   9.559233   9.268754
    8.992127   8.728495   8.477056   8.237056   8.007797   7.788631
    7.578953   7.378206   7.185873   7.001471   6.824558   6.65472
    6.491573   6.334761   6.183928   6.037918   5.896174   0.99753
    1.027234   1.056233   1.158808   1.357201   1.555453   1.753681
    1.902038   1.992373   2.079359  -1.441533  -1.394485  -1.333896
   -1.279234  -1.226818]
 [ 41.997972  42.533697  42.439353  42.550725  43.34729   42.916255
   43.272422  43.749124  43.811349  44.14914   43.873689  44.060688
   44.219584  44.794458  44.803005  45.05355   44.874858  45.174852
   45.873663  45.452113  46.076308  46.570459  46.750702  46.470148
   46.976813  47.035422  47.324149  47.38021   47.457682  47.493362
   48.100829  48.442321  48.789237  48.582656  48.66774   49.182415
   48.953481  49.466647  49.647789  49.949233  49.544126  50.531769
   50.164611  50.872387  50.914333  51.112291  51.146416  51.356625
   51.588639  51.453491  51.632943  51.924167  52.07546   52.38013
   52.052811  53.157891  52.664822  52.754835  53.214161  53.507525
   53.620396  53.644847  53.641498  53.956768  54.247971  54.279586
   54.744676  54.816195  55.078565  55.479269  55.300123  55.715767
   55.900027  56.114484  56.332358  56.634228  56.996292  57.073746
   55.776978  56.200988  56.638215  56.824858  56.982368  57.158371
   57.130725  57.786687  57.758114  58.259424  58.345975  58.744889
   58.25483   58.913702  59.246464  58.889028  59.492172  60.065953
   60.086521  60.019897  60.376473  60.389853  59.966564  60.598591
   60.77287   60.908035  61.0389    61.201501  61.169918  61.160341
   59.978352  44.125359  32.961791  28.307073  25.350399  23.192706
   21.501412  20.116165  18.947145  17.939117  17.05552   16.271035
   15.567293  14.930607  14.350477  13.818693  13.328681  12.875134
   12.453675  12.060665  11.685268  11.320786  10.968552  10.629282
   10.303255   9.990446   9.69063    9.403446   9.128446   8.865136
    8.612991   8.3715     8.14014    7.918404   7.705802   7.501867
    7.306154   7.118243   6.937736   6.764255   6.597447   6.436979
    6.282537   6.133827   5.990574   5.852515   5.719406   5.591018
    5.467133   5.347515   5.230896   5.115943   5.00279    4.891542
    4.782255   4.675096   4.569314   4.465248   4.362545   4.261279
    4.16283    4.071016   3.983321   3.896438   3.810308   3.725045
    3.588242   3.511698   3.436353   3.362116   3.288821   3.216596
    3.145435   3.082513   3.02085    2.959788   2.899289   1.11854
    1.178673   1.262423   1.330062   1.362953   1.393576   1.420442
    1.439505   1.455836   1.470324  -0.504656  -0.490795  -0.478358
   -0.46577   -0.452955]
 [  0.         0.         0.         0.         0.         0.         0.
    0.         0.         0.         0.         0.         0.         0.
    0.         0.         0.         0.         0.         0.         0.
    0.         0.         0.         0.         0.         0.         0.
    0.         0.         0.         0.         0.         0.         0.
    0.         0.         0.         0.         0.         0.         0.
    0.         0.         0.         0.         0.         0.         0.
    0.         0.         0.         0.         0.         0.         0.
    0.         0.         0.         0.         0.         0.         0.
    0.         0.         0.         0.         0.         0.         0.
    0.         0.         0.         0.         0.         0.         0.
    0.         0.         0.         0.         0.         0.         0.
    0.         0.         0.         0.         0.         0.         0.
    0.         0.         0.         0.         0.         0.         0.
    0.         0.         0.         0.         0.         0.         0.
    0.         0.         0.         0.         0.         0.         0.
    0.         0.         0.         0.         0.         0.         0.
    0.         0.         0.         0.         0.         0.         0.
    0.         0.         0.         0.         0.         0.         0.
    0.         0.         0.         0.         0.         0.         0.
    0.         0.         0.         0.         0.         0.         0.
    0.         0.         0.         0.         0.         0.         0.
    0.         0.         0.         0.         0.         0.         0.
    0.         0.         0.         0.         0.         0.         0.
    0.         0.         0.         0.         0.         0.         0.
    0.         0.         0.         0.         0.         0.         0.
    0.         0.         0.         0.         0.         0.         0.
    0.         0.         0.         0.         0.         0.         0.
    0.         0.         0.         0.      ]
 [  0.         0.         0.         0.         0.         0.         0.
    0.         0.         0.         0.         0.         0.         0.
    0.         0.         0.         0.         0.         0.         0.
    0.         0.         0.         0.         0.         0.         0.
    0.         0.         0.         0.         0.         0.         0.
    0.         0.         0.         0.         0.         0.         0.
    0.         0.         0.         0.         0.         0.         0.
    0.         0.         0.         0.         0.         0.         0.
    0.         0.         0.         0.         0.         0.         0.
    0.         0.         0.         0.         0.         0.         0.
    0.         0.         0.         0.         0.         0.         0.
    0.         0.         0.         0.         0.         0.         0.
    0.         0.         0.         0.         0.         0.         0.
    0.         0.         0.         0.         0.         0.         0.
    0.         0.         0.         0.         0.         0.         0.
    0.         0.         0.         0.         0.         0.         0.
    0.         0.         0.         0.         0.         0.         0.
    0.         0.         0.         0.         0.         0.         0.
    0.         0.         0.         0.         0.         0.         0.
    0.         0.         0.         0.         0.         0.         0.
    0.         0.         0.         0.         0.         0.         0.
    0.         0.         0.         0.         0.         0.         0.
    0.         0.         0.         0.         0.         0.         0.
    0.         0.         0.         0.         0.         0.         0.
    0.         0.         0.         0.         0.         0.         0.
    0.         0.         0.         0.         0.         0.         0.
    0.         0.         0.         0.         0.         0.         0.
    0.         0.         0.         0.         0.         0.         0.
    0.         0.         0.         0.      ]]