[[ 41.361459  41.798286  42.015947  42.34093   43.180179  42.319569
   43.199429  43.536447  43.526375  43.953244  43.921017  43.872782
   44.250409  44.591717  44.932659  44.446395  44.46851   45.179567
   45.036407  45.394776  45.83494   46.183742  46.674794  45.983937
   46.482452  46.950443  47.142708  47.267914  47.31338   47.431206
   47.62009   48.148956  48.720287  48.172961  48.314438  48.78611
   48.897698  48.986126  49.662812  49.428815  49.393478  50.453159
   50.095675  50.910198  50.786784  50.925894  50.690172  51.269865
   51.513879  51.831834  51.433523  52.547948  52.865655  52.321875
   52.343729  53.165453  52.724692  53.116954  53.146831  53.406682
   53.994525  53.911374  53.730857  54.252177  54.40804   54.318427
   55.359485  54.947177  55.219304  55.737019  55.67293   55.291181
   55.967756  56.50793   56.624246  56.586037  57.501524  57.348011
   57.18612   57.451607  57.756248  57.548629  57.658616  58.104404
   58.184275  58.785287  59.242942  59.046546  59.382441  60.011931
   59.405139  60.199781  60.626397  59.879811  61.279931  61.008847
   61.375133  61.410293  61.756046  61.738624  61.379393  61.598713
   62.139076  62.679275  62.508146  63.274695  63.311459  63.101427
   63.263067  64.136349  63.419166  63.478834  64.319653  64.493704
   64.141965  64.953795  64.713493  65.410403  65.175218  65.507828
   65.829416  66.302361  65.700124  66.001993  66.018759  66.532081
   66.972122  66.589535  67.056065  67.219717  67.455039  67.651679
   67.364193  68.425662  68.172338  68.435904  69.515881  69.205151
   69.778914  69.806226  68.759517  69.789761  70.133952  69.831171
   69.851322  70.53851   71.219972  70.898366  71.03189   71.903878
   71.875538  72.15041   71.719433  72.096805  72.082173  72.032635
   72.632819  72.573967  72.822422  73.547996  73.435905  73.454657
   73.686266  74.669     73.618808  74.542343  74.707375  74.913414
   74.530723  75.545334  74.95567   75.356139  76.274881  75.920666
   75.782805  76.349511  76.437879  76.94435   76.658104  77.016139
   77.754107  77.610491  77.750164  77.683931  78.314259  77.707672
   78.34509   78.474918  78.850546  78.803671  78.693253  79.272265
   79.663333  79.621798  79.732706  80.143239  80.308082  80.619647
   80.485704  80.727246]
 [ 42.027751  42.506786  42.399617  42.597472  43.44737   42.851702
   43.252046  43.806074  43.89793   44.185703  43.974178  44.166294
   44.208787  44.802322  44.812323  45.115787  44.818286  45.24109
   45.866974  45.462354  46.18708   46.509356  46.764832  46.502042
   47.103032  47.077691  47.310734  47.338451  47.517026  47.648406
   48.319035  48.501829  48.879143  48.63783   48.867998  49.191252
   49.057197  49.572961  49.673106  49.98827   49.719407  50.569749
   50.342305  50.760683  50.974591  51.178898  51.153279  51.392067
   52.163969  52.073083  52.101036  52.253216  52.69245   52.640743
   52.572645  53.393891  53.091506  53.215167  53.655038  53.90623
   54.012121  54.219117  54.111527  54.385123  54.908035  54.984133
   55.287841  55.405943  55.62684   55.856036  55.838019  56.143087
   56.199703  56.57836   56.6807    57.053212  57.654835  57.457751
   57.42694   57.712801  58.07009   58.081597  58.399239  58.2826
   58.578344  59.018883  59.145765  59.745138  59.521507  59.91646
   59.756426  60.123857  60.801747  60.33216   61.052784  61.177489
   61.412647  61.407518  61.767074  61.878969  61.61173   61.99605
   62.653702  62.780377  62.779926  63.091332  63.278371  63.263476
   63.835294  64.009079  63.830386  63.957212  64.394517  64.984891
   64.272177  65.0106    64.8829    65.801741  65.613136  65.692567
   65.989211  66.485964  66.183886  66.477133  66.170311  66.801974
   66.649885  67.0902    67.21364   67.660599  67.914995  68.039638
   68.070667  68.655645  68.233622  68.473415  69.067068  69.338732
   69.870614  69.936433  69.407622  70.042871  70.071126  70.655251
   70.323648  70.327557  71.216917  70.945554  71.294978  71.891981
   71.747603  71.935405  71.844768  72.465915  72.316442  72.365353
   72.717699  73.072589  73.672901  73.944609  73.496702  73.771581
   74.332389  74.631045  74.11875   74.513697  74.419106  75.044756
   75.036618  75.58815   75.558626  75.451128  75.857292  75.934438
   75.768562  75.886602  76.174147  76.85963   76.98217   76.718928
   77.492183  77.607409  77.888654  77.371607  78.067026  77.958194
   78.351533  78.325594  78.484636  78.686841  78.578468  78.940435
   79.354453  79.49667   79.325364  79.903688  79.626384  80.113504
   80.3674    80.165961]
 [  0.         0.         0.         0.         0.         0.         0.
    0.         0.         0.         0.         0.         0.         0.
    0.         0.         0.         0.         0.         0.         0.
    0.         0.         0.         0.         0.         0.         0.
    0.         0.         0.         0.         0.         0.         0.
    0.         0.         0.         0.         0.         0.         0.
    0.         0.         0.         0.         0.         0.         0.
    0.         0.         0.         0.         0.         0.         0.
    0.         0.         0.         0.         0.         0.         0.
    0.         0.         0.         0.         0.         0.         0.
    0.         0.         0.         0.         0.         0.         0.
    0.         0.         0.         0.         0.         0.         0.
    0.         0.         0.         0.         0.         0.         0.
    0.         0.         0.         0.         0.         0.         0.
    0.         0.         0.         0.         0.         0.         0.
    0.         0.         0.         0.         0.         0.         0.
    0.         0.         0.         0.         0.         0.         0.
    0.         0.         0.         0.         0.         0.         0.
    0.         0.         0.         0.         0.         0.         0.
    0.         0.         0.         0.         0.         0.         0.
    0.         0.         0.         0.         0.         0.         0.
    0.         0.         0.         0.         0.         0.         0.
    0.         0.         0.         0.         0.         0.         0.
    0.         0.         0.         0.         0.         0.         0.
    0.         0.         0.         0.         0.         0.         0.
    0.         0.         0.         0.         0.         0.         0.
    0.         0.         0.         0.         0.         0.         0.
    0.         0.         0.         0.         0.         0.         0.
    0.         0.         0.         0.      ]
 [  0.         0.         0.         0.         0.         0.         0.
    0.         0.         0.         0.         0.         0.         0.
    0.         0.         0.         0.         0.         0.         0.
    0.         0.         0.         0.         0.         0.         0.
    0.         0.         0.         0.         0.         0.         0.
    0.         0.         0.         0.         0.         0.         0.
    0.         0.         0.         0.         0.         0.         0.
    0.         0.         0.         0.         0.         0.         0.
    0.         0.         0.         0.         0.         0.         0.
    0.         0.         0.         0.         0.         0.         0.
    0.         0.         0.         0.         0.         0.         0.
    0.         0.         0.         0.         0.         0.         0.
    0.         0.         0.         0.         0.         0.         0.
    0.         0.         0.         0.         0.         0.         0.
    0.         0.         0.         0.         0.         0.         0.
    0.         0.         0.         0.         0.         0.         0.
    0.         0.         0.         0.         0.         0.         0.
    0.         0.         0.         0.         0.         0.         0.
    0.         0.         0.         0.         0.         0.         0.
    0.         0.         0.         0.         0.         0.         0.
    0.         0.         0.         0.         0.         0.         0.
    0.         0.         0.         0.         0.         0.         0.
    0.         0.         0.         0.         0.         0.         0.
    0.         0.         0.         0.         0.         0.         0.
    0.         0.         0.         0.         0.         0.         0.
    0.         0.         0.         0.         0.         0.         0.
    0.         0.         0.         0.         0.         0.         0.
    0.         0.         0.         0.         0.         0.         0.
    0.         0.         0.         0.      ]]